              precision    recall  f1-score   support

           0       0.90      0.75      0.82      1550
           1       0.78      0.99      0.87       107
           2       1.00      1.00      1.00     18932
           3       1.00      1.00      1.00       829
           4       0.05      1.00      0.09         7
           5       0.14      0.83      0.24         6
           6       0.99      1.00      0.99       400
           7       0.99      1.00      1.00       200
           8       0.96      0.94      0.95       518
           9       1.00      1.00      1.00       402
          10       0.87      0.89      0.88      1622
          11       0.55      0.90      0.68        51

    accuracy                           0.98     24624
   macro avg       0.77      0.94      0.79     24624
weighted avg       0.98      0.98      0.98     24624
